71.599998 73.849998 74.699997 74.650002 80.000000 80.699997 77.550003 76.250000 77.050003 76.050003 71.849998 75.199997 78.849998 85.699997 90.900002 91.650002 94.250000 95.900002 91.300003 81.800003 76.250000 69.349998 69.000000 65.400002 75.400002 84.400002 87.099998 86.349998 83.099998 77.599998 75.900002 77.599998 81.400002 87.500000 89.550003 92.400002 90.500000 84.300003 82.250000 78.699997 79.349998 80.000000 82.349998 
71.750000 74.550003 72.800003 76.099998 76.800003 75.849998 77.650002 74.949997 73.750000 75.250000 75.000000 76.000000 80.900002 83.349998 86.000000 88.150002 95.849998 97.650002 94.050003 87.449997 77.050003 73.800003 69.000000 69.199997 76.650002 84.949997 89.800003 90.300003 88.550003 85.050003 83.949997 81.949997 85.849998 87.150002 89.750000 91.250000 87.800003 82.150002 81.949997 79.949997 80.300003 81.250000 81.300003 
77.800003 74.800003 76.400002 75.150002 74.800003 73.099998 69.000000 66.500000 66.750000 68.849998 75.650002 78.750000 79.199997 80.400002 80.150002 87.300003 93.650002 96.150002 93.800003 86.500000 83.800003 76.250000 74.599998 75.050003 80.050003 86.000000 89.550003 90.750000 89.550003 87.800003 85.699997 83.099998 84.099998 88.099998 86.650002 88.349998 87.650002 82.599998 82.500000 82.050003 85.099998 86.650002 85.099998 
80.000000 80.949997 79.449997 76.550003 73.000000 70.099998 62.549999 60.000000 63.150002 66.599998 73.949997 79.599998 79.250000 79.349998 80.650002 81.349998 87.150002 89.150002 88.400002 88.050003 86.449997 86.300003 84.400002 82.400002 85.349998 90.150002 91.699997 90.900002 88.349998 85.000000 83.849998 79.400002 80.250000 81.050003 81.900002 82.099998 85.800003 82.449997 81.849998 82.400002 87.349998 88.300003 88.150002 
88.750000 86.650002 83.150002 79.500000 74.250000 67.099998 61.849998 62.099998 62.200001 66.900002 70.250000 76.050003 80.300003 84.150002 81.150002 78.750000 78.750000 80.599998 86.050003 87.500000 89.000000 92.099998 92.750000 86.050003 85.000000 87.550003 87.500000 89.500000 86.599998 84.500000 82.449997 81.599998 80.400002 81.400002 80.599998 83.050003 79.949997 79.349998 83.900002 83.900002 87.300003 87.500000 88.250000 
91.300003 91.300003 85.750000 80.550003 75.050003 69.000000 64.800003 64.650002 63.849998 62.349998 65.949997 72.849998 81.050003 82.750000 77.000000 73.800003 71.150002 75.300003 81.150002 86.300003 90.800003 96.349998 94.599998 90.699997 85.050003 82.849998 84.400002 85.150002 84.099998 84.199997 84.199997 81.400002 80.250000 77.099998 78.050003 78.550003 77.250000 73.500000 81.349998 83.449997 86.349998 85.300003 84.849998 
94.849998 93.900002 90.099998 86.349998 79.800003 77.699997 69.400002 67.250000 66.550003 64.500000 64.849998 73.550003 77.099998 80.750000 75.500000 68.500000 69.449997 68.550003 73.449997 82.199997 87.949997 93.400002 95.099998 87.300003 83.400002 81.650002 81.550003 85.250000 83.000000 87.300003 90.250000 85.000000 81.800003 78.250000 73.849998 76.500000 74.349998 72.199997 73.750000 80.150002 83.949997 81.550003 83.000000 
91.099998 91.550003 89.250000 91.050003 89.050003 84.250000 78.050003 74.250000 70.300003 70.199997 72.250000 76.550003 78.849998 80.000000 77.000000 74.650002 72.300003 70.500000 73.900002 82.250000 87.800003 94.849998 91.849998 85.900002 83.599998 82.650002 83.500000 87.550003 90.349998 96.750000 98.099998 93.250000 86.550003 81.650002 77.550003 75.050003 73.550003 69.500000 72.550003 73.849998 80.750000 79.750000 82.849998 
90.349998 89.500000 92.650002 97.650002 97.800003 95.250000 87.250000 83.000000 79.250000 75.349998 74.250000 78.650002 79.650002 79.599998 76.949997 77.550003 74.650002 75.150002 76.750000 82.900002 88.449997 92.300003 88.300003 85.250000 82.699997 81.099998 80.900002 87.099998 93.900002 100.900002 98.699997 92.699997 88.550003 83.150002 81.349998 77.400002 73.150002 72.199997 73.849998 75.550003 76.949997 78.849998 80.750000 
90.849998 92.099998 94.699997 99.099998 99.599998 100.449997 94.099998 89.349998 86.800003 80.199997 75.300003 80.400002 80.599998 81.000000 78.750000 73.800003 78.349998 78.099998 78.500000 86.949997 89.449997 91.099998 88.150002 81.250000 81.050003 81.000000 81.650002 90.449997 97.250000 103.750000 101.699997 96.099998 93.300003 86.250000 80.500000 78.400002 76.349998 73.599998 74.750000 72.900002 77.699997 72.300003 76.000000 
97.099998 97.349998 95.150002 96.599998 96.900002 99.400002 96.300003 92.849998 85.849998 81.150002 76.400002 76.300003 77.699997 77.550003 73.099998 72.349998 74.550003 77.449997 79.599998 86.800003 87.099998 89.500000 86.750000 79.199997 78.500000 79.800003 86.099998 93.150002 97.650002 102.900002 101.849998 98.050003 93.500000 83.900002 78.849998 76.599998 79.900002 78.750000 78.000000 79.650002 78.650002 72.449997 72.199997 
100.199997 97.750000 94.250000 93.949997 93.400002 94.099998 94.449997 92.400002 86.500000 79.599998 74.099998 74.400002 71.599998 68.550003 69.349998 68.349998 73.349998 77.750000 82.550003 88.599998 89.900002 88.449997 85.949997 82.050003 79.849998 83.050003 87.949997 95.750000 95.349998 99.900002 103.150002 97.349998 89.099998 79.900002 76.199997 75.900002 79.300003 82.099998 81.650002 80.250000 79.250000 68.900002 71.099998 
104.699997 100.449997 95.500000 92.099998 89.400002 89.050003 90.400002 88.150002 87.050003 80.400002 72.599998 70.000000 65.800003 62.099998 65.500000 70.000000 77.599998 84.800003 87.650002 95.400002 92.349998 89.199997 86.400002 82.599998 86.599998 86.900002 87.550003 93.050003 96.650002 100.349998 101.000000 92.500000 85.500000 78.500000 76.650002 75.900002 77.849998 80.949997 83.300003 80.800003 75.699997 68.900002 70.800003 
107.250000 100.099998 93.449997 87.550003 81.900002 83.949997 85.050003 83.800003 82.400002 79.099998 71.699997 63.799999 60.750000 60.750000 62.799999 72.400002 83.849998 89.099998 93.800003 93.300003 91.400002 86.099998 82.650002 82.250000 87.300003 88.349998 85.099998 86.849998 94.199997 99.150002 95.300003 85.300003 80.849998 75.900002 75.500000 75.400002 78.599998 79.300003 79.699997 77.550003 75.099998 68.650002 71.500000 
106.750000 100.099998 90.849998 80.500000 74.599998 76.050003 80.699997 79.849998 81.150002 76.500000 70.800003 63.349998 59.799999 60.750000 70.349998 78.750000 88.099998 93.800003 92.300003 89.699997 85.050003 79.550003 76.949997 78.150002 81.800003 82.849998 82.550003 84.400002 90.550003 94.449997 92.699997 85.000000 83.699997 78.800003 75.250000 74.300003 80.250000 79.099998 74.150002 73.150002 76.349998 70.349998 71.500000 
101.099998 95.599998 85.550003 76.900002 72.300003 75.250000 79.099998 82.550003 80.500000 76.550003 73.050003 68.599998 65.400002 70.550003 80.550003 89.650002 95.699997 96.849998 93.949997 89.599998 85.000000 79.449997 78.099998 77.000000 79.349998 80.699997 83.750000 88.099998 90.750000 89.900002 90.599998 89.099998 89.650002 84.449997 77.300003 75.599998 80.250000 79.150002 74.849998 72.750000 73.150002 71.900002 72.099998 
98.300003 90.800003 84.099998 77.650002 72.699997 76.599998 79.500000 79.550003 80.550003 78.250000 74.849998 71.949997 73.400002 79.599998 86.500000 95.099998 98.650002 97.900002 97.500000 91.550003 86.000000 83.400002 82.449997 81.550003 81.150002 82.650002 85.900002 91.150002 90.500000 88.250000 88.000000 86.949997 89.250000 86.150002 80.349998 77.699997 76.300003 77.300003 77.500000 74.650002 73.050003 70.750000 76.250000 
98.300003 91.050003 83.250000 76.199997 74.050003 77.449997 77.900002 77.550003 79.449997 80.250000 78.949997 79.099998 81.000000 87.400002 92.400002 94.650002 95.949997 99.050003 98.400002 95.000000 91.300003 86.800003 85.750000 84.849998 85.750000 90.150002 91.300003 91.349998 92.449997 91.300003 89.300003 85.750000 85.449997 86.199997 82.750000 77.650002 74.650002 76.300003 77.849998 78.800003 76.800003 76.199997 74.250000 
97.599998 93.300003 83.599998 78.050003 78.349998 80.099998 79.849998 79.800003 81.050003 82.099998 85.000000 84.099998 88.199997 92.900002 91.000000 91.050003 91.599998 94.949997 94.199997 92.199997 91.199997 87.750000 83.500000 83.750000 89.500000 95.750000 92.800003 91.699997 92.699997 92.349998 88.900002 84.000000 84.150002 84.650002 81.500000 79.050003 77.750000 75.599998 81.050003 85.550003 87.449997 81.199997 77.849998 
93.650002 90.699997 86.349998 82.849998 81.199997 83.349998 82.300003 80.500000 82.349998 82.900002 80.900002 84.750000 87.349998 91.800003 87.699997 88.000000 89.300003 88.199997 87.650002 85.650002 88.500000 87.750000 82.599998 86.599998 94.800003 98.199997 96.599998 95.099998 95.050003 92.099998 90.800003 86.900002 87.750000 84.150002 81.050003 82.500000 81.750000 81.650002 85.650002 92.150002 93.750000 89.750000 85.650002 
89.800003 90.599998 89.550003 87.750000 87.099998 89.500000 87.050003 84.550003 85.500000 82.949997 81.349998 80.550003 84.500000 88.500000 88.800003 90.900002 89.300003 90.199997 85.650002 83.599998 87.050003 88.500000 89.849998 95.400002 100.650002 102.150002 101.900002 100.000000 97.550003 92.300003 89.300003 89.900002 88.800003 84.000000 78.150002 76.750000 82.900002 85.900002 89.650002 88.599998 93.150002 96.050003 95.150002 
88.599998 92.550003 90.250000 91.500000 94.150002 93.800003 89.699997 86.000000 83.650002 82.849998 76.050003 74.750000 75.050003 86.349998 90.050003 90.150002 91.349998 89.650002 84.449997 81.050003 81.349998 88.300003 91.849998 97.400002 100.349998 102.599998 100.849998 100.250000 97.550003 92.099998 89.449997 89.599998 92.949997 87.099998 79.849998 77.000000 79.400002 86.500000 87.949997 85.599998 91.400002 98.300003 97.099998 
87.550003 91.150002 91.000000 96.150002 96.650002 95.150002 88.599998 82.849998 84.050003 80.000000 71.849998 68.949997 72.849998 83.000000 89.599998 92.250000 93.050003 91.800003 86.000000 82.099998 83.000000 87.750000 90.150002 94.500000 97.699997 99.550003 99.150002 96.099998 94.150002 93.900002 93.650002 93.599998 94.250000 91.849998 84.800003 80.400002 78.050003 77.800003 82.949997 85.650002 91.250000 93.849998 96.800003 
84.250000 87.699997 93.699997 99.250000 98.099998 92.500000 86.599998 81.250000 77.900002 75.500000 68.800003 69.949997 73.599998 81.900002 87.449997 93.500000 94.349998 93.849998 88.849998 86.250000 87.800003 89.400002 86.900002 89.699997 93.099998 95.699997 94.750000 91.250000 87.300003 90.400002 93.699997 95.050003 94.550003 94.300003 92.050003 84.849998 76.099998 72.650002 76.750000 85.150002 88.849998 90.050003 89.349998 
84.000000 89.650002 94.949997 101.349998 96.599998 89.050003 83.150002 75.849998 70.300003 66.949997 65.099998 66.000000 71.300003 77.599998 83.650002 86.900002 93.900002 93.300003 91.900002 89.349998 88.599998 88.050003 85.250000 86.050003 88.900002 90.150002 87.750000 84.650002 83.900002 83.500000 86.300003 89.650002 89.650002 89.000000 89.250000 83.250000 72.750000 70.900002 74.750000 79.050003 89.050003 87.750000 91.400002 
89.650002 95.400002 95.300003 97.500000 92.349998 85.050003 77.949997 70.250000 66.000000 64.849998 62.400002 66.000000 70.400002 80.000000 80.300003 85.349998 92.599998 95.699997 94.150002 91.550003 88.750000 87.099998 83.349998 84.949997 85.849998 86.650002 85.349998 83.300003 82.750000 81.900002 80.199997 82.699997 85.750000 84.150002 81.750000 76.750000 73.050003 72.599998 73.250000 75.800003 83.250000 88.900002 93.400002 
94.150002 98.550003 95.550003 93.300003 87.800003 83.550003 77.300003 72.800003 69.750000 68.599998 65.699997 67.550003 74.250000 79.800003 83.099998 83.849998 89.949997 92.599998 93.550003 88.800003 84.699997 84.750000 81.800003 80.800003 81.949997 81.449997 84.400002 82.349998 79.250000 78.500000 76.050003 77.050003 82.050003 81.099998 74.550003 71.400002 74.650002 75.599998 71.099998 71.900002 81.750000 87.800003 92.250000 
95.550003 97.949997 93.800003 86.849998 81.250000 79.099998 78.699997 76.699997 74.000000 73.500000 71.349998 72.250000 72.750000 80.500000 83.500000 84.849998 86.050003 87.550003 85.800003 84.500000 80.949997 81.900002 80.650002 78.300003 79.550003 84.050003 84.900002 83.349998 80.550003 78.800003 76.150002 76.849998 76.699997 76.750000 76.099998 74.199997 75.349998 78.750000 76.550003 78.599998 87.400002 91.000000 89.750000 
95.900002 95.550003 91.349998 86.099998 79.650002 80.050003 82.099998 80.250000 78.000000 78.949997 78.849998 75.250000 77.300003 81.599998 87.099998 86.800003 88.199997 88.550003 88.800003 86.599998 87.300003 86.849998 83.550003 83.050003 86.349998 88.400002 88.500000 86.500000 83.300003 81.000000 79.650002 76.550003 73.300003 73.050003 77.550003 79.599998 78.750000 78.900002 81.900002 83.699997 86.750000 87.150002 91.349998 
98.349998 96.750000 92.500000 87.500000 85.650002 82.500000 81.250000 81.900002 80.900002 84.150002 80.349998 78.150002 81.050003 85.400002 89.150002 88.500000 86.750000 88.050003 88.500000 88.550003 87.900002 88.199997 85.900002 85.849998 89.050003 88.599998 88.099998 87.550003 85.199997 84.699997 80.500000 75.000000 69.949997 72.349998 77.000000 79.949997 79.900002 81.400002 82.500000 82.800003 83.599998 84.599998 84.000000 
100.300003 101.599998 96.750000 91.800003 89.150002 85.900002 81.750000 81.849998 86.300003 88.050003 85.449997 84.800003 88.949997 91.449997 92.550003 88.849998 88.599998 87.900002 87.449997 87.400002 85.949997 88.500000 91.150002 90.349998 89.400002 90.849998 89.599998 89.400002 90.800003 91.099998 86.550003 78.900002 76.650002 77.800003 78.449997 79.849998 82.500000 82.599998 78.349998 78.000000 81.699997 79.300003 80.099998 
105.300003 104.650002 100.599998 94.199997 88.099998 86.349998 83.800003 82.599998 83.050003 91.250000 92.400002 92.300003 93.949997 96.000000 93.250000 90.050003 86.849998 86.300003 83.849998 80.750000 84.400002 91.599998 92.599998 90.949997 93.349998 91.400002 89.150002 90.599998 92.800003 93.150002 88.750000 86.250000 86.199997 84.800003 83.650002 82.550003 83.000000 77.900002 74.099998 73.400002 76.300003 75.949997 75.750000 
105.599998 105.400002 99.150002 92.449997 88.800003 86.849998 83.750000 80.900002 83.250000 92.900002 96.000000 93.550003 94.800003 95.650002 92.500000 86.400002 82.849998 80.099998 75.900002 74.150002 77.349998 85.849998 88.000000 90.650002 91.300003 90.300003 88.300003 89.900002 93.099998 91.199997 88.900002 91.000000 92.550003 90.849998 88.349998 85.900002 82.400002 78.150002 74.000000 73.050003 74.500000 75.650002 76.349998 
107.449997 103.849998 97.550003 91.000000 89.699997 86.599998 79.250000 78.800003 85.199997 95.400002 96.650002 96.000000 94.800003 97.400002 92.650002 86.150002 78.550003 76.250000 70.000000 70.849998 71.500000 75.349998 82.099998 85.650002 87.849998 88.750000 84.300003 84.300003 84.050003 86.400002 87.000000 89.449997 92.800003 93.199997 89.099998 82.000000 78.650002 75.250000 75.250000 74.349998 75.500000 76.099998 78.500000 
110.000000 102.650002 96.050003 92.250000 89.349998 86.000000 83.650002 84.250000 89.199997 96.099998 96.050003 95.099998 97.599998 93.400002 88.500000 81.599998 74.750000 72.400002 69.400002 68.000000 68.050003 72.599998 76.349998 82.750000 87.000000 87.400002 83.400002 79.050003 77.699997 81.300003 87.250000 90.150002 94.150002 94.849998 87.699997 81.800003 79.000000 77.300003 76.949997 75.400002 75.400002 77.650002 81.300003 
106.300003 101.300003 94.099998 90.300003 88.750000 88.000000 89.349998 91.349998 94.349998 97.300003 95.000000 96.349998 94.099998 90.199997 82.300003 77.599998 73.050003 68.750000 66.300003 67.900002 68.449997 69.699997 74.349998 80.199997 84.000000 82.150002 77.300003 76.150002 73.900002 76.099998 81.699997 89.349998 92.449997 92.750000 89.250000 84.599998 82.699997 83.000000 82.050003 79.099998 80.599998 81.949997 84.449997 
101.800003 98.099998 94.500000 91.050003 90.900002 92.449997 90.000000 91.099998 94.500000 94.650002 93.400002 92.050003 89.050003 85.050003 81.000000 75.800003 74.199997 71.849998 69.500000 72.750000 72.050003 74.500000 78.050003 81.500000 84.650002 82.699997 79.599998 81.400002 79.099998 79.000000 80.250000 88.000000 93.650002 92.500000 91.949997 92.500000 91.349998 91.849998 87.750000 88.050003 88.199997 85.699997 87.849998 
99.150002 94.949997 93.250000 95.900002 97.500000 94.500000 88.849998 89.000000 91.349998 95.150002 92.550003 87.300003 84.400002 84.349998 81.349998 76.400002 72.699997 74.900002 76.300003 77.300003 77.650002 79.150002 80.500000 82.800003 83.150002 82.000000 79.550003 83.000000 81.150002 78.500000 77.400002 80.000000 84.500000 90.800003 92.900002 94.199997 96.599998 95.400002 93.849998 92.849998 93.550003 91.400002 90.349998 
96.800003 95.250000 95.800003 99.349998 99.650002 95.300003 87.099998 83.150002 88.599998 90.000000 86.500000 85.400002 85.099998 83.800003 79.800003 77.699997 76.699997 78.750000 80.250000 83.050003 80.900002 80.050003 82.050003 84.099998 83.400002 80.500000 79.849998 81.500000 80.300003 78.000000 76.150002 75.400002 77.900002 85.099998 92.550003 95.250000 96.699997 99.400002 97.599998 96.000000 96.500000 96.599998 96.550003 
95.500000 99.150002 101.400002 100.250000 99.599998 94.349998 84.699997 82.949997 83.849998 81.849998 79.900002 84.000000 84.050003 79.599998 77.300003 76.599998 79.250000 82.800003 82.099998 87.050003 84.199997 83.300003 86.449997 88.650002 86.599998 81.000000 78.750000 83.900002 82.150002 80.599998 76.050003 76.849998 78.150002 80.949997 89.849998 96.250000 97.199997 101.650002 101.849998 98.250000 99.650002 100.550003 97.250000 
96.300003 99.300003 100.599998 99.599998 95.349998 87.400002 82.300003 77.750000 77.699997 77.449997 77.900002 81.199997 83.400002 81.349998 79.849998 80.400002 81.000000 84.599998 84.800003 87.300003 84.750000 82.599998 86.150002 88.050003 85.599998 80.849998 80.650002 84.400002 83.699997 79.800003 81.050003 82.300003 82.300003 83.300003 87.099998 93.400002 100.300003 103.800003 102.650002 103.250000 101.650002 100.300003 97.500000 
95.800003 99.550003 99.400002 97.550003 91.250000 81.650002 74.099998 67.550003 69.599998 74.800003 78.750000 78.849998 81.050003 84.699997 85.449997 84.599998 83.000000 81.800003 83.650002 87.050003 82.849998 80.599998 82.300003 83.099998 82.650002 79.500000 79.550003 82.150002 77.849998 79.050003 78.500000 83.300003 83.050003 80.900002 85.400002 89.449997 92.500000 99.050003 99.250000 100.050003 99.050003 96.650002 95.199997 
95.599998 96.900002 99.300003 95.500000 92.500000 84.449997 71.050003 63.650002 68.650002 73.150002 75.550003 75.750000 76.400002 80.300003 85.150002 82.699997 80.500000 80.900002 81.750000 83.849998 80.050003 78.849998 79.150002 82.000000 82.199997 80.400002 80.500000 81.150002 79.800003 80.849998 79.099998 83.550003 83.550003 81.150002 85.250000 88.250000 89.849998 95.199997 94.550003 95.349998 92.599998 92.550003 90.000000 
