0	 3	 3	 -3	 0	 0	 
1	 2	 3	 -1	 2	 1	 
2	 1	 3	 1	 2	 0	 
3	 3	 6	 0	 9	 0	 
4	 1	 5	 3	 4	 0	 
5	 3	 8	 2	 15	 2	 
6	 2	 8	 4	 12	 0	 
7	 0	 7	 7	 0	 -1	 
8	 1	 9	 7	 8	 0	 
9	 1	 10	 8	 9	 0	 
10	 2	 12	 8	 20	 0	 
11	 3	 14	 8	 33	 2	 
12	 2	 14	 10	 24	 0	 
13	 3	 16	 10	 39	 1	 
14	 3	 17	 11	 42	 2	 
15	 2	 17	 13	 30	 1	 
16	 0	 16	 16	 0	 -1	 
17	 2	 19	 15	 34	 1	 
18	 0	 18	 18	 0	 -1	 
19	 0	 19	 19	 0	 -1	 
20	 3	 23	 17	 60	 2	 
21	 0	 21	 21	 0	 -1	 
22	 3	 25	 19	 66	 1	 
23	 1	 24	 22	 23	 0	 
24	 2	 26	 22	 48	 0	 
25	 2	 27	 23	 50	 1	 
26	 2	 28	 24	 52	 0	 
27	 3	 30	 24	 81	 0	 
28	 3	 31	 25	 84	 1	 
29	 3	 32	 26	 87	 2	 
30	 1	 31	 29	 30	 0	 
31	 2	 33	 29	 62	 1	 
32	 2	 34	 30	 64	 0	 
33	 2	 35	 31	 66	 1	 
34	 1	 35	 33	 34	 0	 
35	 3	 38	 32	 105	 2	 
36	 1	 37	 35	 36	 0	 
37	 0	 37	 37	 0	 -1	 
38	 3	 41	 35	 114	 2	 
39	 2	 41	 37	 78	 1	 
40	 1	 41	 39	 40	 0	 
41	 1	 42	 40	 41	 0	 
42	 1	 43	 41	 42	 0	 
43	 3	 46	 40	 129	 1	 
44	 0	 44	 44	 0	 -1	 
45	 1	 46	 44	 45	 0	 
46	 2	 48	 44	 92	 0	 
47	 0	 47	 47	 0	 -1	 
48	 3	 51	 45	 144	 0	 
49	 2	 51	 47	 98	 1	 
50	 1	 51	 49	 50	 0	 
51	 2	 53	 49	 102	 1	 
52	 3	 55	 49	 156	 1	 
53	 0	 53	 53	 0	 -1	 
54	 0	 54	 54	 0	 -1	 
55	 1	 56	 54	 55	 0	 
56	 2	 58	 54	 112	 0	 
57	 2	 59	 55	 114	 1	 
58	 0	 58	 58	 0	 -1	 
59	 1	 60	 58	 59	 0	 
60	 1	 61	 59	 60	 0	 
61	 1	 62	 60	 61	 0	 
62	 0	 62	 62	 0	 -1	 
63	 3	 66	 60	 189	 0	 
64	 0	 64	 64	 0	 -1	 
65	 1	 66	 64	 65	 0	 
66	 2	 68	 64	 132	 0	 
67	 1	 68	 66	 67	 0	 
68	 1	 69	 67	 68	 0	 
69	 1	 70	 68	 69	 0	 
70	 0	 70	 70	 0	 -1	 
71	 3	 74	 68	 213	 2	 
72	 2	 74	 70	 144	 0	 
73	 1	 74	 72	 73	 0	 
74	 2	 76	 72	 148	 0	 
75	 3	 78	 72	 225	 0	 
76	 2	 78	 74	 152	 0	 
77	 0	 77	 77	 0	 -1	 
78	 3	 81	 75	 234	 0	 
79	 2	 81	 77	 158	 1	 
80	 3	 83	 77	 240	 2	 
81	 0	 81	 81	 0	 -1	 
82	 0	 82	 82	 0	 -1	 
83	 2	 85	 81	 166	 1	 
84	 0	 84	 84	 0	 -1	 
85	 0	 85	 85	 0	 -1	 
86	 3	 89	 83	 258	 2	 
87	 3	 90	 84	 261	 0	 
88	 2	 90	 86	 176	 0	 
89	 3	 92	 86	 267	 2	 
90	 0	 90	 90	 0	 -1	 
91	 0	 91	 91	 0	 -1	 
92	 0	 92	 92	 0	 -1	 
93	 0	 93	 93	 0	 -1	 
94	 3	 97	 91	 282	 1	 
95	 0	 95	 95	 0	 -1	 
96	 2	 98	 94	 192	 0	 
97	 2	 99	 95	 194	 1	 
98	 2	 100	 96	 196	 0	 
99	 3	 102	 96	 297	 0	 
100	 3	 103	 97	 300	 1	 
101	 2	 103	 99	 202	 1	 
102	 2	 104	 100	 204	 0	 
103	 2	 105	 101	 206	 1	 
104	 3	 107	 101	 312	 2	 
105	 1	 106	 104	 105	 0	 
106	 1	 107	 105	 106	 0	 
107	 2	 109	 105	 214	 1	 
108	 1	 109	 107	 108	 0	 
109	 0	 109	 109	 0	 -1	 
110	 0	 110	 110	 0	 -1	 
111	 0	 111	 111	 0	 -1	 
112	 1	 113	 111	 112	 0	 
113	 0	 113	 113	 0	 -1	 
114	 2	 116	 112	 228	 0	 
115	 1	 116	 114	 115	 0	 
116	 1	 117	 115	 116	 0	 
117	 1	 118	 116	 117	 0	 
118	 0	 118	 118	 0	 -1	 
119	 3	 122	 116	 357	 2	 
120	 0	 120	 120	 0	 -1	 
121	 1	 122	 120	 121	 0	 
122	 3	 125	 119	 366	 2	 
123	 1	 124	 122	 123	 0	 
124	 1	 125	 123	 124	 0	 
125	 3	 128	 122	 375	 2	 
126	 1	 127	 125	 126	 0	 
127	 3	 130	 124	 381	 1	 
128	 1	 129	 127	 128	 0	 
129	 3	 132	 126	 387	 0	 
130	 3	 133	 127	 390	 1	 
131	 0	 131	 131	 0	 -1	 
132	 1	 133	 131	 132	 0	 
133	 1	 134	 132	 133	 0	 
134	 2	 136	 132	 268	 0	 
135	 1	 136	 134	 135	 0	 
136	 2	 138	 134	 272	 0	 
137	 3	 140	 134	 411	 2	 
138	 3	 141	 135	 414	 0	 
139	 0	 139	 139	 0	 -1	 
140	 0	 140	 140	 0	 -1	 
141	 3	 144	 138	 423	 0	 
142	 0	 142	 142	 0	 -1	 
143	 1	 144	 142	 143	 0	 
144	 3	 147	 141	 432	 0	 
145	 3	 148	 142	 435	 1	 
146	 2	 148	 144	 292	 0	 
147	 0	 147	 147	 0	 -1	 
148	 0	 148	 148	 0	 -1	 
149	 3	 152	 146	 447	 2	 
150	 0	 150	 150	 0	 -1	 
151	 1	 152	 150	 151	 0	 
152	 0	 152	 152	 0	 -1	 
153	 3	 156	 150	 459	 0	 
154	 2	 156	 152	 308	 0	 
155	 1	 156	 154	 155	 0	 
156	 2	 158	 154	 312	 0	 
157	 3	 160	 154	 471	 1	 
158	 1	 159	 157	 158	 0	 
159	 3	 162	 156	 477	 0	 
160	 3	 163	 157	 480	 1	 
161	 0	 161	 161	 0	 -1	 
162	 0	 162	 162	 0	 -1	 
163	 0	 163	 163	 0	 -1	 
164	 1	 165	 163	 164	 0	 
165	 2	 167	 163	 330	 1	 
166	 1	 167	 165	 166	 0	 
167	 0	 167	 167	 0	 -1	 
168	 2	 170	 166	 336	 0	 
169	 0	 169	 169	 0	 -1	 
170	 0	 170	 170	 0	 -1	 
171	 2	 173	 169	 342	 1	 
172	 3	 175	 169	 516	 1	 
173	 0	 173	 173	 0	 -1	 
174	 3	 177	 171	 522	 0	 
175	 3	 178	 172	 525	 1	 
176	 3	 179	 173	 528	 2	 
177	 1	 178	 176	 177	 0	 
178	 3	 181	 175	 534	 1	 
179	 0	 179	 179	 0	 -1	 
180	 0	 180	 180	 0	 -1	 
181	 3	 184	 178	 543	 1	 
182	 1	 183	 181	 182	 0	 
183	 0	 183	 183	 0	 -1	 
184	 3	 187	 181	 552	 1	 
185	 3	 188	 182	 555	 2	 
186	 2	 188	 184	 372	 0	 
187	 1	 188	 186	 187	 0	 
188	 2	 190	 186	 376	 0	 
189	 3	 192	 186	 567	 0	 
190	 1	 191	 189	 190	 0	 
191	 1	 192	 190	 191	 0	 
192	 3	 195	 189	 576	 0	 
193	 1	 194	 192	 193	 0	 
194	 2	 196	 192	 388	 0	 
195	 0	 195	 195	 0	 -1	 
196	 3	 199	 193	 588	 1	 
197	 3	 200	 194	 591	 2	 
198	 0	 198	 198	 0	 -1	 
199	 1	 200	 198	 199	 0	 
200	 0	 200	 200	 0	 -1	 
201	 0	 201	 201	 0	 -1	 
202	 3	 205	 199	 606	 1	 
203	 3	 206	 200	 609	 2	 
204	 1	 205	 203	 204	 0	 
205	 2	 207	 203	 410	 1	 
206	 2	 208	 204	 412	 0	 
207	 0	 207	 207	 0	 -1	 
208	 0	 208	 208	 0	 -1	 
209	 2	 211	 207	 418	 1	 
210	 0	 210	 210	 0	 -1	 
211	 0	 211	 211	 0	 -1	 
212	 1	 213	 211	 212	 0	 
213	 1	 214	 212	 213	 0	 
214	 1	 215	 213	 214	 0	 
215	 0	 215	 215	 0	 -1	 
216	 0	 216	 216	 0	 -1	 
217	 3	 220	 214	 651	 1	 
218	 2	 220	 216	 436	 0	 
219	 3	 222	 216	 657	 0	 
220	 2	 222	 218	 440	 0	 
221	 3	 224	 218	 663	 2	 
222	 0	 222	 222	 0	 -1	 
223	 1	 224	 222	 223	 0	 
224	 0	 224	 224	 0	 -1	 
225	 2	 227	 223	 450	 1	 
226	 1	 227	 225	 226	 0	 
227	 3	 230	 224	 681	 2	 
228	 2	 230	 226	 456	 0	 
229	 2	 231	 227	 458	 1	 
230	 1	 231	 229	 230	 0	 
231	 2	 233	 229	 462	 1	 
232	 2	 234	 230	 464	 0	 
233	 0	 233	 233	 0	 -1	 
234	 1	 235	 233	 234	 0	 
235	 3	 238	 232	 705	 1	 
236	 3	 239	 233	 708	 2	 
237	 0	 237	 237	 0	 -1	 
238	 0	 238	 238	 0	 -1	 
239	 3	 242	 236	 717	 2	 
240	 2	 242	 238	 480	 0	 
241	 0	 241	 241	 0	 -1	 
242	 3	 245	 239	 726	 2	 
243	 3	 246	 240	 729	 0	 
244	 2	 246	 242	 488	 0	 
245	 0	 245	 245	 0	 -1	 
246	 0	 246	 246	 0	 -1	 
247	 2	 249	 245	 494	 1	 
248	 3	 251	 245	 744	 2	 
249	 2	 251	 247	 498	 1	 
250	 1	 251	 249	 250	 0	 
251	 1	 252	 250	 251	 0	 
252	 1	 253	 251	 252	 0	 
253	 2	 255	 251	 506	 1	 
254	 2	 256	 252	 508	 0	 
255	 1	 256	 254	 255	 0	 
256	 0	 256	 256	 0	 -1	 
257	 0	 257	 257	 0	 -1	 
258	 0	 258	 258	 0	 -1	 
259	 2	 261	 257	 518	 1	 
260	 2	 262	 258	 520	 0	 
261	 1	 262	 260	 261	 0	 
262	 0	 262	 262	 0	 -1	 
263	 0	 263	 263	 0	 -1	 
264	 2	 266	 262	 528	 0	 
265	 2	 267	 263	 530	 1	 
266	 0	 266	 266	 0	 -1	 
267	 1	 268	 266	 267	 0	 
268	 2	 270	 266	 536	 0	 
269	 0	 269	 269	 0	 -1	 
270	 0	 270	 270	 0	 -1	 
271	 0	 271	 271	 0	 -1	 
272	 0	 272	 272	 0	 -1	 
273	 3	 276	 270	 819	 0	 
274	 3	 277	 271	 822	 1	 
275	 2	 277	 273	 550	 1	 
276	 0	 276	 276	 0	 -1	 
277	 3	 280	 274	 831	 1	 
278	 1	 279	 277	 278	 0	 
279	 3	 282	 276	 837	 0	 
280	 1	 281	 279	 280	 0	 
281	 2	 283	 279	 562	 1	 
282	 1	 283	 281	 282	 0	 
283	 2	 285	 281	 566	 1	 
284	 0	 284	 284	 0	 -1	 
285	 3	 288	 282	 855	 0	 
286	 3	 289	 283	 858	 1	 
287	 1	 288	 286	 287	 0	 
288	 3	 291	 285	 864	 0	 
289	 0	 289	 289	 0	 -1	 
290	 3	 293	 287	 870	 2	 
291	 1	 292	 290	 291	 0	 
292	 1	 293	 291	 292	 0	 
293	 0	 293	 293	 0	 -1	 
294	 2	 296	 292	 588	 0	 
295	 3	 298	 292	 885	 1	 
296	 2	 298	 294	 592	 0	 
297	 2	 299	 295	 594	 1	 
298	 0	 298	 298	 0	 -1	 
299	 0	 299	 299	 0	 -1	 
300	 2	 302	 298	 600	 0	 
301	 0	 301	 301	 0	 -1	 
302	 0	 302	 302	 0	 -1	 
303	 2	 305	 301	 606	 1	 
304	 0	 304	 304	 0	 -1	 
305	 3	 308	 302	 915	 2	 
306	 1	 307	 305	 306	 0	 
307	 0	 307	 307	 0	 -1	 
308	 3	 311	 305	 924	 2	 
309	 2	 311	 307	 618	 1	 
310	 3	 313	 307	 930	 1	 
311	 0	 311	 311	 0	 -1	 
312	 0	 312	 312	 0	 -1	 
313	 0	 313	 313	 0	 -1	 
314	 3	 317	 311	 942	 2	 
315	 1	 316	 314	 315	 0	 
316	 0	 316	 316	 0	 -1	 
317	 2	 319	 315	 634	 1	 
318	 2	 320	 316	 636	 0	 
319	 3	 322	 316	 957	 1	 
320	 2	 322	 318	 640	 0	 
321	 1	 322	 320	 321	 0	 
322	 1	 323	 321	 322	 0	 
323	 0	 323	 323	 0	 -1	 
324	 1	 325	 323	 324	 0	 
325	 3	 328	 322	 975	 1	 
326	 3	 329	 323	 978	 2	 
327	 3	 330	 324	 981	 0	 
328	 1	 329	 327	 328	 0	 
329	 0	 329	 329	 0	 -1	 
330	 3	 333	 327	 990	 0	 
331	 3	 334	 328	 993	 1	 
332	 0	 332	 332	 0	 -1	 
333	 3	 336	 330	 999	 0	 
334	 1	 335	 333	 334	 0	 
335	 0	 335	 335	 0	 -1	 
336	 3	 339	 333	 1008	 0	 
337	 2	 339	 335	 674	 1	 
338	 0	 338	 338	 0	 -1	 
339	 2	 341	 337	 678	 1	 
340	 0	 340	 340	 0	 -1	 
341	 0	 341	 341	 0	 -1	 
342	 2	 344	 340	 684	 0	 
343	 1	 344	 342	 343	 0	 
344	 0	 344	 344	 0	 -1	 
345	 1	 346	 344	 345	 0	 
346	 2	 348	 344	 692	 0	 
347	 0	 347	 347	 0	 -1	 
348	 0	 348	 348	 0	 -1	 
349	 0	 349	 349	 0	 -1	 
350	 0	 350	 350	 0	 -1	 
351	 2	 353	 349	 702	 1	 
352	 1	 353	 351	 352	 0	 
353	 1	 354	 352	 353	 0	 
354	 2	 356	 352	 708	 0	 
355	 3	 358	 352	 1065	 1	 
356	 0	 356	 356	 0	 -1	 
357	 2	 359	 355	 714	 1	 
358	 2	 360	 356	 716	 0	 
359	 1	 360	 358	 359	 0	 
360	 2	 362	 358	 720	 0	 
361	 2	 363	 359	 722	 1	 
362	 0	 362	 362	 0	 -1	 
363	 2	 365	 361	 726	 1	 
364	 1	 365	 363	 364	 0	 
365	 1	 366	 364	 365	 0	 
366	 3	 369	 363	 1098	 0	 
367	 0	 367	 367	 0	 -1	 
368	 0	 368	 368	 0	 -1	 
369	 3	 372	 366	 1107	 0	 
370	 2	 372	 368	 740	 0	 
371	 0	 371	 371	 0	 -1	 
372	 3	 375	 369	 1116	 0	 
373	 1	 374	 372	 373	 0	 
374	 1	 375	 373	 374	 0	 
375	 0	 375	 375	 0	 -1	 
376	 2	 378	 374	 752	 0	 
377	 3	 380	 374	 1131	 2	 
378	 0	 378	 378	 0	 -1	 
379	 2	 381	 377	 758	 1	 
380	 3	 383	 377	 1140	 2	 
381	 0	 381	 381	 0	 -1	 
382	 1	 383	 381	 382	 0	 
383	 1	 384	 382	 383	 0	 
384	 1	 385	 383	 384	 0	 
385	 3	 388	 382	 1155	 1	 
386	 0	 386	 386	 0	 -1	 
387	 1	 388	 386	 387	 0	 
388	 1	 389	 387	 388	 0	 
389	 2	 391	 387	 778	 1	 
390	 2	 392	 388	 780	 0	 
391	 3	 394	 388	 1173	 1	 
392	 0	 392	 392	 0	 -1	 
393	 2	 395	 391	 786	 1	 
394	 2	 396	 392	 788	 0	 
395	 2	 397	 393	 790	 1	 
396	 0	 396	 396	 0	 -1	 
397	 1	 398	 396	 397	 0	 
398	 2	 400	 396	 796	 0	 
399	 0	 399	 399	 0	 -1	 
400	 0	 400	 400	 0	 -1	 
401	 1	 402	 400	 401	 0	 
402	 0	 402	 402	 0	 -1	 
403	 0	 403	 403	 0	 -1	 
404	 2	 406	 402	 808	 0	 
405	 2	 407	 403	 810	 1	 
406	 0	 406	 406	 0	 -1	 
407	 0	 407	 407	 0	 -1	 
408	 1	 409	 407	 408	 0	 
409	 0	 409	 409	 0	 -1	 
410	 3	 413	 407	 1230	 2	 
411	 1	 412	 410	 411	 0	 
412	 1	 413	 411	 412	 0	 
413	 0	 413	 413	 0	 -1	 
414	 2	 416	 412	 828	 0	 
415	 2	 417	 413	 830	 1	 
416	 3	 419	 413	 1248	 2	 
417	 2	 419	 415	 834	 1	 
418	 0	 418	 418	 0	 -1	 
419	 1	 420	 418	 419	 0	 
420	 0	 420	 420	 0	 -1	 
421	 2	 423	 419	 842	 1	 
422	 0	 422	 422	 0	 -1	 
423	 1	 424	 422	 423	 0	 
424	 1	 425	 423	 424	 0	 
425	 2	 427	 423	 850	 1	 
426	 3	 429	 423	 1278	 0	 
427	 1	 428	 426	 427	 0	 
428	 3	 431	 425	 1284	 2	 
429	 1	 430	 428	 429	 0	 
430	 1	 431	 429	 430	 0	 
431	 0	 431	 431	 0	 -1	 
432	 2	 434	 430	 864	 0	 
433	 1	 434	 432	 433	 0	 
434	 0	 434	 434	 0	 -1	 
435	 0	 435	 435	 0	 -1	 
436	 3	 439	 433	 1308	 1	 
437	 0	 437	 437	 0	 -1	 
438	 1	 439	 437	 438	 0	 
439	 1	 440	 438	 439	 0	 
440	 0	 440	 440	 0	 -1	 
441	 0	 441	 441	 0	 -1	 
442	 2	 444	 440	 884	 0	 
443	 1	 444	 442	 443	 0	 
444	 0	 444	 444	 0	 -1	 
445	 0	 445	 445	 0	 -1	 
446	 0	 446	 446	 0	 -1	 
447	 3	 450	 444	 1341	 0	 
448	 2	 450	 446	 896	 0	 
449	 0	 449	 449	 0	 -1	 
450	 0	 450	 450	 0	 -1	 
451	 2	 453	 449	 902	 1	 
452	 2	 454	 450	 904	 0	 
453	 1	 454	 452	 453	 0	 
454	 3	 457	 451	 1362	 1	 
455	 3	 458	 452	 1365	 2	 
456	 3	 459	 453	 1368	 0	 
457	 2	 459	 455	 914	 1	 
458	 0	 458	 458	 0	 -1	 
459	 3	 462	 456	 1377	 0	 
460	 0	 460	 460	 0	 -1	 
461	 1	 462	 460	 461	 0	 
462	 3	 465	 459	 1386	 0	 
463	 2	 465	 461	 926	 1	 
464	 3	 467	 461	 1392	 2	 
465	 3	 468	 462	 1395	 0	 
466	 3	 469	 463	 1398	 1	 
467	 2	 469	 465	 934	 1	 
468	 3	 471	 465	 1404	 0	 
469	 0	 469	 469	 0	 -1	 
470	 3	 473	 467	 1410	 2	 
471	 3	 474	 468	 1413	 0	 
472	 0	 472	 472	 0	 -1	 
473	 1	 474	 472	 473	 0	 
474	 1	 475	 473	 474	 0	 
475	 0	 475	 475	 0	 -1	 
476	 1	 477	 475	 476	 0	 
477	 1	 478	 476	 477	 0	 
478	 3	 481	 475	 1434	 1	 
479	 3	 482	 476	 1437	 2	 
480	 1	 481	 479	 480	 0	 
481	 0	 481	 481	 0	 -1	 
482	 2	 484	 480	 964	 0	 
483	 3	 486	 480	 1449	 0	 
484	 1	 485	 483	 484	 0	 
485	 1	 486	 484	 485	 0	 
486	 3	 489	 483	 1458	 0	 
487	 0	 487	 487	 0	 -1	 
488	 0	 488	 488	 0	 -1	 
489	 3	 492	 486	 1467	 0	 
490	 3	 493	 487	 1470	 1	 
491	 0	 491	 491	 0	 -1	 
492	 1	 493	 491	 492	 0	 
493	 2	 495	 491	 986	 1	 
494	 2	 496	 492	 988	 0	 
495	 0	 495	 495	 0	 -1	 
496	 1	 497	 495	 496	 0	 
497	 1	 498	 496	 497	 0	 
498	 2	 500	 496	 996	 0	 
499	 0	 499	 499	 0	 -1	 
500	 1	 501	 499	 500	 0	 
501	 2	 503	 499	 1002	 1	 
502	 0	 502	 502	 0	 -1	 
503	 1	 504	 502	 503	 0	 
504	 3	 507	 501	 1512	 0	 
505	 1	 506	 504	 505	 0	 
506	 1	 507	 505	 506	 0	 
507	 1	 508	 506	 507	 0	 
508	 2	 510	 506	 1016	 0	 
509	 1	 510	 508	 509	 0	 
510	 0	 510	 510	 0	 -1	 
511	 3	 514	 508	 1533	 1	 
