0	 3	 3	 -3	 0	 0	 
1	 2	 3	 -1	 2	 1	 
2	 1	 3	 1	 2	 0	 
3	 3	 6	 0	 9	 0	 
4	 1	 5	 3	 4	 0	 
5	 3	 8	 2	 15	 2	 
6	 2	 8	 4	 12	 0	 
7	 0	 7	 7	 0	 -1	 
8	 1	 9	 7	 8	 0	 
9	 1	 10	 8	 9	 0	 
10	 2	 12	 8	 20	 0	 
11	 3	 14	 8	 33	 2	 
12	 2	 14	 10	 24	 0	 
13	 3	 16	 10	 39	 1	 
14	 3	 17	 11	 42	 2	 
15	 2	 17	 13	 30	 1	 
16	 0	 16	 16	 0	 -1	 
17	 2	 19	 15	 34	 1	 
18	 0	 18	 18	 0	 -1	 
19	 0	 19	 19	 0	 -1	 
20	 3	 23	 17	 60	 2	 
21	 0	 21	 21	 0	 -1	 
22	 3	 25	 19	 66	 1	 
23	 1	 24	 22	 23	 0	 
24	 2	 26	 22	 48	 0	 
25	 2	 27	 23	 50	 1	 
26	 2	 28	 24	 52	 0	 
27	 3	 30	 24	 81	 0	 
28	 3	 31	 25	 84	 1	 
29	 3	 32	 26	 87	 2	 
30	 1	 31	 29	 30	 0	 
31	 2	 33	 29	 62	 1	 
32	 2	 34	 30	 64	 0	 
33	 2	 35	 31	 66	 1	 
34	 1	 35	 33	 34	 0	 
35	 3	 38	 32	 105	 2	 
36	 1	 37	 35	 36	 0	 
37	 0	 37	 37	 0	 -1	 
38	 3	 41	 35	 114	 2	 
39	 2	 41	 37	 78	 1	 
40	 1	 41	 39	 40	 0	 
41	 1	 42	 40	 41	 0	 
42	 1	 43	 41	 42	 0	 
43	 3	 46	 40	 129	 1	 
44	 0	 44	 44	 0	 -1	 
45	 1	 46	 44	 45	 0	 
46	 2	 48	 44	 92	 0	 
47	 0	 47	 47	 0	 -1	 
48	 3	 51	 45	 144	 0	 
49	 2	 51	 47	 98	 1	 
50	 1	 51	 49	 50	 0	 
51	 2	 53	 49	 102	 1	 
52	 3	 55	 49	 156	 1	 
53	 0	 53	 53	 0	 -1	 
54	 0	 54	 54	 0	 -1	 
55	 1	 56	 54	 55	 0	 
56	 2	 58	 54	 112	 0	 
57	 2	 59	 55	 114	 1	 
58	 0	 58	 58	 0	 -1	 
59	 1	 60	 58	 59	 0	 
60	 1	 61	 59	 60	 0	 
61	 1	 62	 60	 61	 0	 
62	 0	 62	 62	 0	 -1	 
63	 3	 66	 60	 189	 0	 
64	 0	 64	 64	 0	 -1	 
65	 1	 66	 64	 65	 0	 
66	 2	 68	 64	 132	 0	 
67	 1	 68	 66	 67	 0	 
68	 1	 69	 67	 68	 0	 
69	 1	 70	 68	 69	 0	 
70	 0	 70	 70	 0	 -1	 
71	 3	 74	 68	 213	 2	 
72	 2	 74	 70	 144	 0	 
73	 1	 74	 72	 73	 0	 
74	 2	 76	 72	 148	 0	 
75	 3	 78	 72	 225	 0	 
76	 2	 78	 74	 152	 0	 
77	 0	 77	 77	 0	 -1	 
78	 3	 81	 75	 234	 0	 
79	 2	 81	 77	 158	 1	 
80	 3	 83	 77	 240	 2	 
81	 0	 81	 81	 0	 -1	 
82	 0	 82	 82	 0	 -1	 
83	 2	 85	 81	 166	 1	 
84	 0	 84	 84	 0	 -1	 
85	 0	 85	 85	 0	 -1	 
86	 3	 89	 83	 258	 2	 
87	 3	 90	 84	 261	 0	 
88	 2	 90	 86	 176	 0	 
89	 3	 92	 86	 267	 2	 
90	 0	 90	 90	 0	 -1	 
91	 0	 91	 91	 0	 -1	 
92	 0	 92	 92	 0	 -1	 
93	 0	 93	 93	 0	 -1	 
94	 3	 97	 91	 282	 1	 
95	 0	 95	 95	 0	 -1	 
96	 2	 98	 94	 192	 0	 
97	 2	 99	 95	 194	 1	 
98	 2	 100	 96	 196	 0	 
99	 3	 102	 96	 297	 0	 
100	 3	 103	 97	 300	 1	 
101	 2	 103	 99	 202	 1	 
102	 2	 104	 100	 204	 0	 
103	 2	 105	 101	 206	 1	 
104	 3	 107	 101	 312	 2	 
105	 1	 106	 104	 105	 0	 
106	 1	 107	 105	 106	 0	 
107	 2	 109	 105	 214	 1	 
108	 1	 109	 107	 108	 0	 
109	 0	 109	 109	 0	 -1	 
110	 0	 110	 110	 0	 -1	 
111	 0	 111	 111	 0	 -1	 
112	 1	 113	 111	 112	 0	 
113	 0	 113	 113	 0	 -1	 
114	 2	 116	 112	 228	 0	 
115	 1	 116	 114	 115	 0	 
116	 1	 117	 115	 116	 0	 
117	 1	 118	 116	 117	 0	 
118	 0	 118	 118	 0	 -1	 
119	 3	 122	 116	 357	 2	 
120	 0	 120	 120	 0	 -1	 
121	 1	 122	 120	 121	 0	 
122	 3	 125	 119	 366	 2	 
123	 1	 124	 122	 123	 0	 
124	 1	 125	 123	 124	 0	 
125	 3	 128	 122	 375	 2	 
126	 1	 127	 125	 126	 0	 
127	 3	 130	 124	 381	 1	 
128	 1	 129	 127	 128	 0	 
129	 3	 132	 126	 387	 0	 
130	 3	 133	 127	 390	 1	 
131	 0	 131	 131	 0	 -1	 
132	 1	 133	 131	 132	 0	 
133	 1	 134	 132	 133	 0	 
134	 2	 136	 132	 268	 0	 
135	 1	 136	 134	 135	 0	 
136	 2	 138	 134	 272	 0	 
137	 3	 140	 134	 411	 2	 
138	 3	 141	 135	 414	 0	 
139	 0	 139	 139	 0	 -1	 
140	 0	 140	 140	 0	 -1	 
141	 3	 144	 138	 423	 0	 
142	 0	 142	 142	 0	 -1	 
143	 1	 144	 142	 143	 0	 
144	 3	 147	 141	 432	 0	 
145	 3	 148	 142	 435	 1	 
146	 2	 148	 144	 292	 0	 
147	 0	 147	 147	 0	 -1	 
148	 0	 148	 148	 0	 -1	 
149	 3	 152	 146	 447	 2	 
150	 0	 150	 150	 0	 -1	 
151	 1	 152	 150	 151	 0	 
152	 0	 152	 152	 0	 -1	 
153	 3	 156	 150	 459	 0	 
154	 2	 156	 152	 308	 0	 
155	 1	 156	 154	 155	 0	 
156	 2	 158	 154	 312	 0	 
157	 3	 160	 154	 471	 1	 
158	 1	 159	 157	 158	 0	 
159	 3	 162	 156	 477	 0	 
160	 3	 163	 157	 480	 1	 
161	 0	 161	 161	 0	 -1	 
162	 0	 162	 162	 0	 -1	 
163	 0	 163	 163	 0	 -1	 
164	 1	 165	 163	 164	 0	 
165	 2	 167	 163	 330	 1	 
166	 1	 167	 165	 166	 0	 
167	 0	 167	 167	 0	 -1	 
168	 2	 170	 166	 336	 0	 
169	 0	 169	 169	 0	 -1	 
170	 0	 170	 170	 0	 -1	 
171	 2	 173	 169	 342	 1	 
172	 3	 175	 169	 516	 1	 
173	 0	 173	 173	 0	 -1	 
174	 3	 177	 171	 522	 0	 
175	 3	 178	 172	 525	 1	 
176	 3	 179	 173	 528	 2	 
177	 1	 178	 176	 177	 0	 
178	 3	 181	 175	 534	 1	 
179	 0	 179	 179	 0	 -1	 
180	 0	 180	 180	 0	 -1	 
181	 3	 184	 178	 543	 1	 
182	 1	 183	 181	 182	 0	 
183	 0	 183	 183	 0	 -1	 
184	 3	 187	 181	 552	 1	 
185	 3	 188	 182	 555	 2	 
186	 2	 188	 184	 372	 0	 
187	 1	 188	 186	 187	 0	 
188	 2	 190	 186	 376	 0	 
189	 3	 192	 186	 567	 0	 
190	 1	 191	 189	 190	 0	 
191	 1	 192	 190	 191	 0	 
192	 3	 195	 189	 576	 0	 
193	 1	 194	 192	 193	 0	 
194	 2	 196	 192	 388	 0	 
195	 0	 195	 195	 0	 -1	 
196	 3	 199	 193	 588	 1	 
197	 3	 200	 194	 591	 2	 
198	 0	 198	 198	 0	 -1	 
199	 1	 200	 198	 199	 0	 
200	 0	 200	 200	 0	 -1	 
201	 0	 201	 201	 0	 -1	 
202	 3	 205	 199	 606	 1	 
203	 3	 206	 200	 609	 2	 
204	 1	 205	 203	 204	 0	 
205	 2	 207	 203	 410	 1	 
206	 2	 208	 204	 412	 0	 
207	 0	 207	 207	 0	 -1	 
208	 0	 208	 208	 0	 -1	 
209	 2	 211	 207	 418	 1	 
210	 0	 210	 210	 0	 -1	 
211	 0	 211	 211	 0	 -1	 
212	 1	 213	 211	 212	 0	 
213	 1	 214	 212	 213	 0	 
214	 1	 215	 213	 214	 0	 
215	 0	 215	 215	 0	 -1	 
216	 0	 216	 216	 0	 -1	 
217	 3	 220	 214	 651	 1	 
218	 2	 220	 216	 436	 0	 
219	 3	 222	 216	 657	 0	 
220	 2	 222	 218	 440	 0	 
221	 3	 224	 218	 663	 2	 
222	 0	 222	 222	 0	 -1	 
223	 1	 224	 222	 223	 0	 
224	 0	 224	 224	 0	 -1	 
225	 2	 227	 223	 450	 1	 
226	 1	 227	 225	 226	 0	 
227	 3	 230	 224	 681	 2	 
228	 2	 230	 226	 456	 0	 
229	 2	 231	 227	 458	 1	 
230	 1	 231	 229	 230	 0	 
231	 2	 233	 229	 462	 1	 
232	 2	 234	 230	 464	 0	 
233	 0	 233	 233	 0	 -1	 
234	 1	 235	 233	 234	 0	 
235	 3	 238	 232	 705	 1	 
236	 3	 239	 233	 708	 2	 
237	 0	 237	 237	 0	 -1	 
238	 0	 238	 238	 0	 -1	 
239	 3	 242	 236	 717	 2	 
240	 2	 242	 238	 480	 0	 
241	 0	 241	 241	 0	 -1	 
242	 3	 245	 239	 726	 2	 
243	 3	 246	 240	 729	 0	 
244	 2	 246	 242	 488	 0	 
245	 0	 245	 245	 0	 -1	 
246	 0	 246	 246	 0	 -1	 
247	 2	 249	 245	 494	 1	 
248	 3	 251	 245	 744	 2	 
249	 2	 251	 247	 498	 1	 
250	 1	 251	 249	 250	 0	 
251	 1	 252	 250	 251	 0	 
252	 1	 253	 251	 252	 0	 
253	 2	 255	 251	 506	 1	 
254	 2	 256	 252	 508	 0	 
255	 1	 256	 254	 255	 0	 
256	 0	 256	 256	 0	 -1	 
257	 0	 257	 257	 0	 -1	 
258	 0	 258	 258	 0	 -1	 
259	 2	 261	 257	 518	 1	 
260	 2	 262	 258	 520	 0	 
261	 1	 262	 260	 261	 0	 
262	 0	 262	 262	 0	 -1	 
263	 0	 263	 263	 0	 -1	 
264	 2	 266	 262	 528	 0	 
265	 2	 267	 263	 530	 1	 
266	 0	 266	 266	 0	 -1	 
267	 1	 268	 266	 267	 0	 
268	 2	 270	 266	 536	 0	 
269	 0	 269	 269	 0	 -1	 
270	 0	 270	 270	 0	 -1	 
271	 0	 271	 271	 0	 -1	 
272	 0	 272	 272	 0	 -1	 
273	 3	 276	 270	 819	 0	 
274	 3	 277	 271	 822	 1	 
275	 2	 277	 273	 550	 1	 
276	 0	 276	 276	 0	 -1	 
277	 3	 280	 274	 831	 1	 
278	 1	 279	 277	 278	 0	 
279	 3	 282	 276	 837	 0	 
280	 1	 281	 279	 280	 0	 
281	 2	 283	 279	 562	 1	 
282	 1	 283	 281	 282	 0	 
283	 2	 285	 281	 566	 1	 
284	 0	 284	 284	 0	 -1	 
285	 3	 288	 282	 855	 0	 
286	 3	 289	 283	 858	 1	 
287	 1	 288	 286	 287	 0	 
288	 3	 291	 285	 864	 0	 
289	 0	 289	 289	 0	 -1	 
290	 3	 293	 287	 870	 2	 
291	 1	 292	 290	 291	 0	 
292	 1	 293	 291	 292	 0	 
293	 0	 293	 293	 0	 -1	 
294	 2	 296	 292	 588	 0	 
295	 3	 298	 292	 885	 1	 
296	 2	 298	 294	 592	 0	 
297	 2	 299	 295	 594	 1	 
298	 0	 298	 298	 0	 -1	 
299	 0	 299	 299	 0	 -1	 
300	 2	 302	 298	 600	 0	 
301	 0	 301	 301	 0	 -1	 
302	 0	 302	 302	 0	 -1	 
303	 2	 305	 301	 606	 1	 
304	 0	 304	 304	 0	 -1	 
305	 3	 308	 302	 915	 2	 
306	 1	 307	 305	 306	 0	 
307	 0	 307	 307	 0	 -1	 
308	 3	 311	 305	 924	 2	 
309	 2	 311	 307	 618	 1	 
310	 3	 313	 307	 930	 1	 
311	 0	 311	 311	 0	 -1	 
312	 0	 312	 312	 0	 -1	 
313	 0	 313	 313	 0	 -1	 
314	 3	 317	 311	 942	 2	 
315	 1	 316	 314	 315	 0	 
316	 0	 316	 316	 0	 -1	 
317	 2	 319	 315	 634	 1	 
318	 2	 320	 316	 636	 0	 
319	 3	 322	 316	 957	 1	 
320	 2	 322	 318	 640	 0	 
321	 1	 322	 320	 321	 0	 
322	 1	 323	 321	 322	 0	 
323	 0	 323	 323	 0	 -1	 
324	 1	 325	 323	 324	 0	 
325	 3	 328	 322	 975	 1	 
326	 3	 329	 323	 978	 2	 
327	 3	 330	 324	 981	 0	 
328	 1	 329	 327	 328	 0	 
329	 0	 329	 329	 0	 -1	 
330	 3	 333	 327	 990	 0	 
331	 3	 334	 328	 993	 1	 
332	 0	 332	 332	 0	 -1	 
333	 3	 336	 330	 999	 0	 
334	 1	 335	 333	 334	 0	 
335	 0	 335	 335	 0	 -1	 
336	 3	 339	 333	 1008	 0	 
337	 2	 339	 335	 674	 1	 
338	 0	 338	 338	 0	 -1	 
339	 2	 341	 337	 678	 1	 
340	 0	 340	 340	 0	 -1	 
341	 0	 341	 341	 0	 -1	 
342	 2	 344	 340	 684	 0	 
343	 1	 344	 342	 343	 0	 
344	 0	 344	 344	 0	 -1	 
345	 1	 346	 344	 345	 0	 
346	 2	 348	 344	 692	 0	 
347	 0	 347	 347	 0	 -1	 
348	 0	 348	 348	 0	 -1	 
349	 0	 349	 349	 0	 -1	 
350	 0	 350	 350	 0	 -1	 
351	 2	 353	 349	 702	 1	 
352	 1	 353	 351	 352	 0	 
353	 1	 354	 352	 353	 0	 
354	 2	 356	 352	 708	 0	 
355	 3	 358	 352	 1065	 1	 
356	 0	 356	 356	 0	 -1	 
357	 2	 359	 355	 714	 1	 
358	 2	 360	 356	 716	 0	 
359	 1	 360	 358	 359	 0	 
360	 2	 362	 358	 720	 0	 
361	 2	 363	 359	 722	 1	 
362	 0	 362	 362	 0	 -1	 
363	 2	 365	 361	 726	 1	 
364	 1	 365	 363	 364	 0	 
365	 1	 366	 364	 365	 0	 
366	 3	 369	 363	 1098	 0	 
367	 0	 367	 367	 0	 -1	 
368	 0	 368	 368	 0	 -1	 
369	 3	 372	 366	 1107	 0	 
370	 2	 372	 368	 740	 0	 
371	 0	 371	 371	 0	 -1	 
372	 3	 375	 369	 1116	 0	 
373	 1	 374	 372	 373	 0	 
374	 1	 375	 373	 374	 0	 
375	 0	 375	 375	 0	 -1	 
376	 2	 378	 374	 752	 0	 
377	 3	 380	 374	 1131	 2	 
378	 0	 378	 378	 0	 -1	 
379	 2	 381	 377	 758	 1	 
380	 3	 383	 377	 1140	 2	 
381	 0	 381	 381	 0	 -1	 
382	 1	 383	 381	 382	 0	 
383	 1	 384	 382	 383	 0	 
384	 1	 385	 383	 384	 0	 
385	 3	 388	 382	 1155	 1	 
386	 0	 386	 386	 0	 -1	 
387	 1	 388	 386	 387	 0	 
388	 1	 389	 387	 388	 0	 
389	 2	 391	 387	 778	 1	 
390	 2	 392	 388	 780	 0	 
391	 3	 394	 388	 1173	 1	 
392	 0	 392	 392	 0	 -1	 
393	 2	 395	 391	 786	 1	 
394	 2	 396	 392	 788	 0	 
395	 2	 397	 393	 790	 1	 
396	 0	 396	 396	 0	 -1	 
397	 1	 398	 396	 397	 0	 
398	 2	 400	 396	 796	 0	 
399	 0	 399	 399	 0	 -1	 
400	 0	 400	 400	 0	 -1	 
401	 1	 402	 400	 401	 0	 
402	 0	 402	 402	 0	 -1	 
403	 0	 403	 403	 0	 -1	 
404	 2	 406	 402	 808	 0	 
405	 2	 407	 403	 810	 1	 
406	 0	 406	 406	 0	 -1	 
407	 0	 407	 407	 0	 -1	 
408	 1	 409	 407	 408	 0	 
409	 0	 409	 409	 0	 -1	 
410	 3	 413	 407	 1230	 2	 
411	 1	 412	 410	 411	 0	 
412	 1	 413	 411	 412	 0	 
413	 0	 413	 413	 0	 -1	 
414	 2	 416	 412	 828	 0	 
415	 2	 417	 413	 830	 1	 
416	 3	 419	 413	 1248	 2	 
417	 2	 419	 415	 834	 1	 
418	 0	 418	 418	 0	 -1	 
419	 1	 420	 418	 419	 0	 
420	 0	 420	 420	 0	 -1	 
421	 2	 423	 419	 842	 1	 
422	 0	 422	 422	 0	 -1	 
423	 1	 424	 422	 423	 0	 
424	 1	 425	 423	 424	 0	 
425	 2	 427	 423	 850	 1	 
426	 3	 429	 423	 1278	 0	 
427	 1	 428	 426	 427	 0	 
428	 3	 431	 425	 1284	 2	 
429	 1	 430	 428	 429	 0	 
430	 1	 431	 429	 430	 0	 
431	 0	 431	 431	 0	 -1	 
432	 2	 434	 430	 864	 0	 
433	 1	 434	 432	 433	 0	 
434	 0	 434	 434	 0	 -1	 
435	 0	 435	 435	 0	 -1	 
436	 3	 439	 433	 1308	 1	 
437	 0	 437	 437	 0	 -1	 
438	 1	 439	 437	 438	 0	 
439	 1	 440	 438	 439	 0	 
440	 0	 440	 440	 0	 -1	 
441	 0	 441	 441	 0	 -1	 
442	 2	 444	 440	 884	 0	 
443	 1	 444	 442	 443	 0	 
444	 0	 444	 444	 0	 -1	 
445	 0	 445	 445	 0	 -1	 
446	 0	 446	 446	 0	 -1	 
447	 3	 450	 444	 1341	 0	 
448	 2	 450	 446	 896	 0	 
449	 0	 449	 449	 0	 -1	 
450	 0	 450	 450	 0	 -1	 
451	 2	 453	 449	 902	 1	 
452	 2	 454	 450	 904	 0	 
453	 1	 454	 452	 453	 0	 
454	 3	 457	 451	 1362	 1	 
455	 3	 458	 452	 1365	 2	 
456	 3	 459	 453	 1368	 0	 
457	 2	 459	 455	 914	 1	 
458	 0	 458	 458	 0	 -1	 
459	 3	 462	 456	 1377	 0	 
460	 0	 460	 460	 0	 -1	 
461	 1	 462	 460	 461	 0	 
462	 3	 465	 459	 1386	 0	 
463	 2	 465	 461	 926	 1	 
464	 3	 467	 461	 1392	 2	 
465	 3	 468	 462	 1395	 0	 
466	 3	 469	 463	 1398	 1	 
467	 2	 469	 465	 934	 1	 
468	 3	 471	 465	 1404	 0	 
469	 0	 469	 469	 0	 -1	 
470	 3	 473	 467	 1410	 2	 
471	 3	 474	 468	 1413	 0	 
472	 0	 472	 472	 0	 -1	 
473	 1	 474	 472	 473	 0	 
474	 1	 475	 473	 474	 0	 
475	 0	 475	 475	 0	 -1	 
476	 1	 477	 475	 476	 0	 
477	 1	 478	 476	 477	 0	 
478	 3	 481	 475	 1434	 1	 
479	 3	 482	 476	 1437	 2	 
480	 1	 481	 479	 480	 0	 
481	 0	 481	 481	 0	 -1	 
482	 2	 484	 480	 964	 0	 
483	 3	 486	 480	 1449	 0	 
484	 1	 485	 483	 484	 0	 
485	 1	 486	 484	 485	 0	 
486	 3	 489	 483	 1458	 0	 
487	 0	 487	 487	 0	 -1	 
488	 0	 488	 488	 0	 -1	 
489	 3	 492	 486	 1467	 0	 
490	 3	 493	 487	 1470	 1	 
491	 0	 491	 491	 0	 -1	 
492	 1	 493	 491	 492	 0	 
493	 2	 495	 491	 986	 1	 
494	 2	 496	 492	 988	 0	 
495	 0	 495	 495	 0	 -1	 
496	 1	 497	 495	 496	 0	 
497	 1	 498	 496	 497	 0	 
498	 2	 500	 496	 996	 0	 
499	 0	 499	 499	 0	 -1	 
500	 1	 501	 499	 500	 0	 
501	 2	 503	 499	 1002	 1	 
502	 0	 502	 502	 0	 -1	 
503	 1	 504	 502	 503	 0	 
504	 3	 507	 501	 1512	 0	 
505	 1	 506	 504	 505	 0	 
506	 1	 507	 505	 506	 0	 
507	 1	 508	 506	 507	 0	 
508	 2	 510	 506	 1016	 0	 
509	 1	 510	 508	 509	 0	 
510	 0	 510	 510	 0	 -1	 
511	 3	 514	 508	 1533	 1	 
512	 1	 513	 511	 512	 0	 
513	 2	 515	 511	 1026	 1	 
514	 2	 516	 512	 1028	 0	 
515	 2	 517	 513	 1030	 1	 
516	 0	 516	 516	 0	 -1	 
517	 1	 518	 516	 517	 0	 
518	 2	 520	 516	 1036	 0	 
519	 0	 519	 519	 0	 -1	 
520	 1	 521	 519	 520	 0	 
521	 2	 523	 519	 1042	 1	 
522	 0	 522	 522	 0	 -1	 
523	 2	 525	 521	 1046	 1	 
524	 0	 524	 524	 0	 -1	 
525	 2	 527	 523	 1050	 1	 
526	 2	 528	 524	 1052	 0	 
527	 2	 529	 525	 1054	 1	 
528	 0	 528	 528	 0	 -1	 
529	 0	 529	 529	 0	 -1	 
530	 2	 532	 528	 1060	 0	 
531	 1	 532	 530	 531	 0	 
532	 2	 534	 530	 1064	 0	 
533	 2	 535	 531	 1066	 1	 
534	 3	 537	 531	 1602	 0	 
535	 2	 537	 533	 1070	 1	 
536	 3	 539	 533	 1608	 2	 
537	 0	 537	 537	 0	 -1	 
538	 3	 541	 535	 1614	 1	 
539	 1	 540	 538	 539	 0	 
540	 1	 541	 539	 540	 0	 
541	 3	 544	 538	 1623	 1	 
542	 0	 542	 542	 0	 -1	 
543	 2	 545	 541	 1086	 1	 
544	 2	 546	 542	 1088	 0	 
545	 3	 548	 542	 1635	 2	 
546	 0	 546	 546	 0	 -1	 
547	 2	 549	 545	 1094	 1	 
548	 0	 548	 548	 0	 -1	 
549	 3	 552	 546	 1647	 0	 
550	 2	 552	 548	 1100	 0	 
551	 1	 552	 550	 551	 0	 
552	 1	 553	 551	 552	 0	 
553	 2	 555	 551	 1106	 1	 
554	 3	 557	 551	 1662	 2	 
555	 1	 556	 554	 555	 0	 
556	 0	 556	 556	 0	 -1	 
557	 1	 558	 556	 557	 0	 
558	 3	 561	 555	 1674	 0	 
559	 0	 559	 559	 0	 -1	 
560	 2	 562	 558	 1120	 0	 
561	 2	 563	 559	 1122	 1	 
562	 2	 564	 560	 1124	 0	 
563	 0	 563	 563	 0	 -1	 
564	 0	 564	 564	 0	 -1	 
565	 1	 566	 564	 565	 0	 
566	 2	 568	 564	 1132	 0	 
567	 0	 567	 567	 0	 -1	 
568	 1	 569	 567	 568	 0	 
569	 1	 570	 568	 569	 0	 
570	 1	 571	 569	 570	 0	 
571	 3	 574	 568	 1713	 1	 
572	 1	 573	 571	 572	 0	 
573	 2	 575	 571	 1146	 1	 
574	 1	 575	 573	 574	 0	 
575	 3	 578	 572	 1725	 2	 
576	 1	 577	 575	 576	 0	 
577	 2	 579	 575	 1154	 1	 
578	 1	 579	 577	 578	 0	 
579	 1	 580	 578	 579	 0	 
580	 1	 581	 579	 580	 0	 
581	 3	 584	 578	 1743	 2	 
582	 3	 585	 579	 1746	 0	 
583	 2	 585	 581	 1166	 1	 
584	 1	 585	 583	 584	 0	 
585	 2	 587	 583	 1170	 1	 
586	 3	 589	 583	 1758	 1	 
587	 1	 588	 586	 587	 0	 
588	 0	 588	 588	 0	 -1	 
589	 3	 592	 586	 1767	 1	 
590	 2	 592	 588	 1180	 0	 
591	 2	 593	 589	 1182	 1	 
592	 1	 593	 591	 592	 0	 
593	 0	 593	 593	 0	 -1	 
594	 2	 596	 592	 1188	 0	 
595	 1	 596	 594	 595	 0	 
596	 1	 597	 595	 596	 0	 
597	 1	 598	 596	 597	 0	 
598	 1	 599	 597	 598	 0	 
599	 2	 601	 597	 1198	 1	 
600	 2	 602	 598	 1200	 0	 
601	 3	 604	 598	 1803	 1	 
602	 1	 603	 601	 602	 0	 
603	 3	 606	 600	 1809	 0	 
604	 1	 605	 603	 604	 0	 
605	 3	 608	 602	 1815	 2	 
606	 2	 608	 604	 1212	 0	 
607	 2	 609	 605	 1214	 1	 
608	 1	 609	 607	 608	 0	 
609	 3	 612	 606	 1827	 0	 
610	 3	 613	 607	 1830	 1	 
611	 2	 613	 609	 1222	 1	 
612	 2	 614	 610	 1224	 0	 
613	 2	 615	 611	 1226	 1	 
614	 0	 614	 614	 0	 -1	 
615	 3	 618	 612	 1845	 0	 
616	 1	 617	 615	 616	 0	 
617	 3	 620	 614	 1851	 2	 
618	 1	 619	 617	 618	 0	 
619	 1	 620	 618	 619	 0	 
620	 2	 622	 618	 1240	 0	 
621	 3	 624	 618	 1863	 0	 
622	 3	 625	 619	 1866	 1	 
623	 3	 626	 620	 1869	 2	 
624	 3	 627	 621	 1872	 0	 
625	 1	 626	 624	 625	 0	 
626	 1	 627	 625	 626	 0	 
627	 0	 627	 627	 0	 -1	 
628	 2	 630	 626	 1256	 0	 
629	 2	 631	 627	 1258	 1	 
630	 2	 632	 628	 1260	 0	 
631	 1	 632	 630	 631	 0	 
632	 1	 633	 631	 632	 0	 
633	 0	 633	 633	 0	 -1	 
634	 0	 634	 634	 0	 -1	 
635	 2	 637	 633	 1270	 1	 
636	 3	 639	 633	 1908	 0	 
637	 3	 640	 634	 1911	 1	 
638	 0	 638	 638	 0	 -1	 
639	 0	 639	 639	 0	 -1	 
640	 2	 642	 638	 1280	 0	 
641	 0	 641	 641	 0	 -1	 
642	 2	 644	 640	 1284	 0	 
643	 1	 644	 642	 643	 0	 
644	 2	 646	 642	 1288	 0	 
645	 2	 647	 643	 1290	 1	 
646	 0	 646	 646	 0	 -1	 
647	 3	 650	 644	 1941	 2	 
648	 1	 649	 647	 648	 0	 
649	 1	 650	 648	 649	 0	 
650	 0	 650	 650	 0	 -1	 
651	 0	 651	 651	 0	 -1	 
652	 0	 652	 652	 0	 -1	 
653	 3	 656	 650	 1959	 2	 
654	 3	 657	 651	 1962	 0	 
655	 3	 658	 652	 1965	 1	 
656	 1	 657	 655	 656	 0	 
657	 0	 657	 657	 0	 -1	 
658	 3	 661	 655	 1974	 1	 
659	 3	 662	 656	 1977	 2	 
660	 3	 663	 657	 1980	 0	 
661	 2	 663	 659	 1322	 1	 
662	 0	 662	 662	 0	 -1	 
663	 0	 663	 663	 0	 -1	 
664	 2	 666	 662	 1328	 0	 
665	 1	 666	 664	 665	 0	 
666	 3	 669	 663	 1998	 0	 
667	 1	 668	 666	 667	 0	 
668	 0	 668	 668	 0	 -1	 
669	 3	 672	 666	 2007	 0	 
670	 1	 671	 669	 670	 0	 
671	 2	 673	 669	 1342	 1	 
672	 3	 675	 669	 2016	 0	 
673	 3	 676	 670	 2019	 1	 
674	 3	 677	 671	 2022	 2	 
675	 2	 677	 673	 1350	 1	 
676	 1	 677	 675	 676	 0	 
677	 0	 677	 677	 0	 -1	 
678	 1	 679	 677	 678	 0	 
679	 2	 681	 677	 1358	 1	 
680	 1	 681	 679	 680	 0	 
681	 2	 683	 679	 1362	 1	 
682	 2	 684	 680	 1364	 0	 
683	 2	 685	 681	 1366	 1	 
684	 1	 685	 683	 684	 0	 
685	 2	 687	 683	 1370	 1	 
686	 1	 687	 685	 686	 0	 
687	 2	 689	 685	 1374	 1	 
688	 2	 690	 686	 1376	 0	 
689	 1	 690	 688	 689	 0	 
690	 2	 692	 688	 1380	 0	 
691	 1	 692	 690	 691	 0	 
692	 3	 695	 689	 2076	 2	 
693	 2	 695	 691	 1386	 1	 
694	 2	 696	 692	 1388	 0	 
695	 1	 696	 694	 695	 0	 
696	 3	 699	 693	 2088	 0	 
697	 1	 698	 696	 697	 0	 
698	 2	 700	 696	 1396	 0	 
699	 3	 702	 696	 2097	 0	 
700	 0	 700	 700	 0	 -1	 
701	 3	 704	 698	 2103	 2	 
702	 2	 704	 700	 1404	 0	 
703	 0	 703	 703	 0	 -1	 
704	 2	 706	 702	 1408	 0	 
705	 1	 706	 704	 705	 0	 
706	 2	 708	 704	 1412	 0	 
707	 3	 710	 704	 2121	 2	 
708	 1	 709	 707	 708	 0	 
709	 3	 712	 706	 2127	 1	 
710	 1	 711	 709	 710	 0	 
711	 3	 714	 708	 2133	 0	 
712	 1	 713	 711	 712	 0	 
713	 0	 713	 713	 0	 -1	 
714	 1	 715	 713	 714	 0	 
715	 3	 718	 712	 2145	 1	 
716	 2	 718	 714	 1432	 0	 
717	 2	 719	 715	 1434	 1	 
718	 1	 719	 717	 718	 0	 
719	 0	 719	 719	 0	 -1	 
720	 3	 723	 717	 2160	 0	 
721	 3	 724	 718	 2163	 1	 
722	 2	 724	 720	 1444	 0	 
723	 2	 725	 721	 1446	 1	 
724	 2	 726	 722	 1448	 0	 
725	 0	 725	 725	 0	 -1	 
726	 3	 729	 723	 2178	 0	 
727	 1	 728	 726	 727	 0	 
728	 1	 729	 727	 728	 0	 
729	 1	 730	 728	 729	 0	 
730	 1	 731	 729	 730	 0	 
731	 1	 732	 730	 731	 0	 
732	 0	 732	 732	 0	 -1	 
733	 3	 736	 730	 2199	 1	 
734	 1	 735	 733	 734	 0	 
735	 2	 737	 733	 1470	 1	 
736	 0	 736	 736	 0	 -1	 
737	 3	 740	 734	 2211	 2	 
738	 1	 739	 737	 738	 0	 
739	 2	 741	 737	 1478	 1	 
740	 3	 743	 737	 2220	 2	 
741	 3	 744	 738	 2223	 0	 
742	 1	 743	 741	 742	 0	 
743	 0	 743	 743	 0	 -1	 
744	 3	 747	 741	 2232	 0	 
745	 2	 747	 743	 1490	 1	 
746	 3	 749	 743	 2238	 2	 
747	 1	 748	 746	 747	 0	 
748	 0	 748	 748	 0	 -1	 
749	 1	 750	 748	 749	 0	 
750	 1	 751	 749	 750	 0	 
751	 0	 751	 751	 0	 -1	 
752	 0	 752	 752	 0	 -1	 
753	 3	 756	 750	 2259	 0	 
754	 2	 756	 752	 1508	 0	 
755	 2	 757	 753	 1510	 1	 
756	 3	 759	 753	 2268	 0	 
757	 2	 759	 755	 1514	 1	 
758	 0	 758	 758	 0	 -1	 
759	 0	 759	 759	 0	 -1	 
760	 3	 763	 757	 2280	 1	 
761	 1	 762	 760	 761	 0	 
762	 2	 764	 760	 1524	 0	 
763	 0	 763	 763	 0	 -1	 
764	 0	 764	 764	 0	 -1	 
765	 3	 768	 762	 2295	 0	 
766	 2	 768	 764	 1532	 0	 
767	 0	 767	 767	 0	 -1	 
768	 3	 771	 765	 2304	 0	 
769	 0	 769	 769	 0	 -1	 
770	 2	 772	 768	 1540	 0	 
771	 2	 773	 769	 1542	 1	 
772	 3	 775	 769	 2316	 1	 
773	 3	 776	 770	 2319	 2	 
774	 2	 776	 772	 1548	 0	 
775	 2	 777	 773	 1550	 1	 
776	 1	 777	 775	 776	 0	 
777	 2	 779	 775	 1554	 1	 
778	 3	 781	 775	 2334	 1	 
779	 2	 781	 777	 1558	 1	 
780	 3	 783	 777	 2340	 0	 
781	 0	 781	 781	 0	 -1	 
782	 2	 784	 780	 1564	 0	 
783	 3	 786	 780	 2349	 0	 
784	 0	 784	 784	 0	 -1	 
785	 0	 785	 785	 0	 -1	 
786	 2	 788	 784	 1572	 0	 
787	 3	 790	 784	 2361	 1	 
788	 2	 790	 786	 1576	 0	 
789	 2	 791	 787	 1578	 1	 
790	 0	 790	 790	 0	 -1	 
791	 2	 793	 789	 1582	 1	 
792	 3	 795	 789	 2376	 0	 
793	 2	 795	 791	 1586	 1	 
794	 2	 796	 792	 1588	 0	 
795	 3	 798	 792	 2385	 0	 
796	 1	 797	 795	 796	 0	 
797	 0	 797	 797	 0	 -1	 
798	 3	 801	 795	 2394	 0	 
799	 0	 799	 799	 0	 -1	 
800	 0	 800	 800	 0	 -1	 
801	 2	 803	 799	 1602	 1	 
802	 2	 804	 800	 1604	 0	 
803	 3	 806	 800	 2409	 2	 
804	 1	 805	 803	 804	 0	 
805	 1	 806	 804	 805	 0	 
806	 1	 807	 805	 806	 0	 
807	 3	 810	 804	 2421	 0	 
808	 3	 811	 805	 2424	 1	 
809	 0	 809	 809	 0	 -1	 
810	 1	 811	 809	 810	 0	 
811	 2	 813	 809	 1622	 1	 
812	 1	 813	 811	 812	 0	 
813	 3	 816	 810	 2439	 0	 
814	 1	 815	 813	 814	 0	 
815	 1	 816	 814	 815	 0	 
816	 3	 819	 813	 2448	 0	 
817	 3	 820	 814	 2451	 1	 
818	 0	 818	 818	 0	 -1	 
819	 2	 821	 817	 1638	 1	 
820	 1	 821	 819	 820	 0	 
821	 0	 821	 821	 0	 -1	 
822	 0	 822	 822	 0	 -1	 
823	 0	 823	 823	 0	 -1	 
824	 2	 826	 822	 1648	 0	 
825	 2	 827	 823	 1650	 1	 
826	 3	 829	 823	 2478	 1	 
827	 0	 827	 827	 0	 -1	 
828	 2	 830	 826	 1656	 0	 
829	 3	 832	 826	 2487	 1	 
830	 0	 830	 830	 0	 -1	 
831	 3	 834	 828	 2493	 0	 
832	 1	 833	 831	 832	 0	 
833	 3	 836	 830	 2499	 2	 
834	 2	 836	 832	 1668	 0	 
835	 2	 837	 833	 1670	 1	 
836	 0	 836	 836	 0	 -1	 
837	 0	 837	 837	 0	 -1	 
838	 1	 839	 837	 838	 0	 
839	 3	 842	 836	 2517	 2	 
840	 0	 840	 840	 0	 -1	 
841	 2	 843	 839	 1682	 1	 
842	 1	 843	 841	 842	 0	 
843	 1	 844	 842	 843	 0	 
844	 1	 845	 843	 844	 0	 
845	 2	 847	 843	 1690	 1	 
846	 2	 848	 844	 1692	 0	 
847	 1	 848	 846	 847	 0	 
848	 2	 850	 846	 1696	 0	 
849	 3	 852	 846	 2547	 0	 
850	 3	 853	 847	 2550	 1	 
851	 3	 854	 848	 2553	 2	 
852	 3	 855	 849	 2556	 0	 
853	 3	 856	 850	 2559	 1	 
854	 0	 854	 854	 0	 -1	 
855	 2	 857	 853	 1710	 1	 
856	 1	 857	 855	 856	 0	 
857	 3	 860	 854	 2571	 2	 
858	 2	 860	 856	 1716	 0	 
859	 3	 862	 856	 2577	 1	 
860	 2	 862	 858	 1720	 0	 
861	 2	 863	 859	 1722	 1	 
862	 2	 864	 860	 1724	 0	 
863	 3	 866	 860	 2589	 2	 
864	 1	 865	 863	 864	 0	 
865	 1	 866	 864	 865	 0	 
866	 2	 868	 864	 1732	 0	 
867	 1	 868	 866	 867	 0	 
868	 1	 869	 867	 868	 0	 
869	 3	 872	 866	 2607	 2	 
870	 0	 870	 870	 0	 -1	 
871	 1	 872	 870	 871	 0	 
872	 2	 874	 870	 1744	 0	 
873	 1	 874	 872	 873	 0	 
874	 3	 877	 871	 2622	 1	 
875	 3	 878	 872	 2625	 2	 
876	 0	 876	 876	 0	 -1	 
877	 1	 878	 876	 877	 0	 
878	 0	 878	 878	 0	 -1	 
879	 2	 881	 877	 1758	 1	 
880	 0	 880	 880	 0	 -1	 
881	 3	 884	 878	 2643	 2	 
882	 1	 883	 881	 882	 0	 
883	 0	 883	 883	 0	 -1	 
884	 2	 886	 882	 1768	 0	 
885	 1	 886	 884	 885	 0	 
886	 2	 888	 884	 1772	 0	 
887	 3	 890	 884	 2661	 2	 
888	 1	 889	 887	 888	 0	 
889	 0	 889	 889	 0	 -1	 
890	 3	 893	 887	 2670	 2	 
891	 3	 894	 888	 2673	 0	 
892	 2	 894	 890	 1784	 0	 
893	 1	 894	 892	 893	 0	 
894	 3	 897	 891	 2682	 0	 
895	 0	 895	 895	 0	 -1	 
896	 2	 898	 894	 1792	 0	 
897	 1	 898	 896	 897	 0	 
898	 1	 899	 897	 898	 0	 
899	 3	 902	 896	 2697	 2	 
900	 0	 900	 900	 0	 -1	 
901	 2	 903	 899	 1802	 1	 
902	 1	 903	 901	 902	 0	 
903	 2	 905	 901	 1806	 1	 
904	 3	 907	 901	 2712	 1	 
905	 0	 905	 905	 0	 -1	 
906	 2	 908	 904	 1812	 0	 
907	 3	 910	 904	 2721	 1	 
908	 1	 909	 907	 908	 0	 
909	 2	 911	 907	 1818	 1	 
910	 1	 911	 909	 910	 0	 
911	 2	 913	 909	 1822	 1	 
912	 2	 914	 910	 1824	 0	 
913	 3	 916	 910	 2739	 1	 
914	 2	 916	 912	 1828	 0	 
915	 0	 915	 915	 0	 -1	 
916	 0	 916	 916	 0	 -1	 
917	 0	 917	 917	 0	 -1	 
918	 0	 918	 918	 0	 -1	 
919	 1	 920	 918	 919	 0	 
920	 0	 920	 920	 0	 -1	 
921	 3	 924	 918	 2763	 0	 
922	 1	 923	 921	 922	 0	 
923	 2	 925	 921	 1846	 1	 
924	 0	 924	 924	 0	 -1	 
925	 0	 925	 925	 0	 -1	 
926	 2	 928	 924	 1852	 0	 
927	 3	 930	 924	 2781	 0	 
928	 1	 929	 927	 928	 0	 
929	 0	 929	 929	 0	 -1	 
930	 2	 932	 928	 1860	 0	 
931	 1	 932	 930	 931	 0	 
932	 2	 934	 930	 1864	 0	 
933	 3	 936	 930	 2799	 0	 
934	 0	 934	 934	 0	 -1	 
935	 1	 936	 934	 935	 0	 
936	 3	 939	 933	 2808	 0	 
937	 2	 939	 935	 1874	 1	 
938	 1	 939	 937	 938	 0	 
939	 1	 940	 938	 939	 0	 
940	 0	 940	 940	 0	 -1	 
941	 2	 943	 939	 1882	 1	 
942	 3	 945	 939	 2826	 0	 
943	 2	 945	 941	 1886	 1	 
944	 1	 945	 943	 944	 0	 
945	 1	 946	 944	 945	 0	 
946	 3	 949	 943	 2838	 1	 
947	 2	 949	 945	 1894	 1	 
948	 1	 949	 947	 948	 0	 
949	 3	 952	 946	 2847	 1	 
950	 3	 953	 947	 2850	 2	 
951	 1	 952	 950	 951	 0	 
952	 2	 954	 950	 1904	 0	 
953	 0	 953	 953	 0	 -1	 
954	 3	 957	 951	 2862	 0	 
955	 2	 957	 953	 1910	 1	 
956	 0	 956	 956	 0	 -1	 
957	 2	 959	 955	 1914	 1	 
958	 1	 959	 957	 958	 0	 
959	 1	 960	 958	 959	 0	 
960	 2	 962	 958	 1920	 0	 
961	 0	 961	 961	 0	 -1	 
962	 3	 965	 959	 2886	 2	 
963	 0	 963	 963	 0	 -1	 
964	 3	 967	 961	 2892	 1	 
965	 3	 968	 962	 2895	 2	 
966	 1	 967	 965	 966	 0	 
967	 3	 970	 964	 2901	 1	 
968	 1	 969	 967	 968	 0	 
969	 2	 971	 967	 1938	 1	 
970	 0	 970	 970	 0	 -1	 
971	 1	 972	 970	 971	 0	 
972	 1	 973	 971	 972	 0	 
973	 3	 976	 970	 2919	 1	 
974	 0	 974	 974	 0	 -1	 
975	 2	 977	 973	 1950	 1	 
976	 0	 976	 976	 0	 -1	 
977	 3	 980	 974	 2931	 2	 
978	 0	 978	 978	 0	 -1	 
979	 1	 980	 978	 979	 0	 
980	 2	 982	 978	 1960	 0	 
981	 0	 981	 981	 0	 -1	 
982	 2	 984	 980	 1964	 0	 
983	 0	 983	 983	 0	 -1	 
984	 0	 984	 984	 0	 -1	 
985	 1	 986	 984	 985	 0	 
986	 2	 988	 984	 1972	 0	 
987	 1	 988	 986	 987	 0	 
988	 3	 991	 985	 2964	 1	 
989	 0	 989	 989	 0	 -1	 
990	 2	 992	 988	 1980	 0	 
991	 1	 992	 990	 991	 0	 
992	 0	 992	 992	 0	 -1	 
993	 1	 994	 992	 993	 0	 
994	 1	 995	 993	 994	 0	 
995	 3	 998	 992	 2985	 2	 
996	 0	 996	 996	 0	 -1	 
997	 3	 1000	 994	 2991	 1	 
998	 2	 1000	 996	 1996	 0	 
999	 1	 1000	 998	 999	 0	 
1000	 1	 1001	 999	 1000	 0	 
1001	 2	 1003	 999	 2002	 1	 
1002	 3	 1005	 999	 3006	 0	 
1003	 2	 1005	 1001	 2006	 1	 
1004	 1	 1005	 1003	 1004	 0	 
1005	 3	 1008	 1002	 3015	 0	 
1006	 1	 1007	 1005	 1006	 0	 
1007	 1	 1008	 1006	 1007	 0	 
1008	 2	 1010	 1006	 2016	 0	 
1009	 1	 1010	 1008	 1009	 0	 
1010	 2	 1012	 1008	 2020	 0	 
1011	 0	 1011	 1011	 0	 -1	 
1012	 1	 1013	 1011	 1012	 0	 
1013	 0	 1013	 1013	 0	 -1	 
1014	 0	 1014	 1014	 0	 -1	 
1015	 2	 1017	 1013	 2030	 1	 
1016	 2	 1018	 1014	 2032	 0	 
1017	 2	 1019	 1015	 2034	 1	 
1018	 3	 1021	 1015	 3054	 1	 
1019	 1	 1020	 1018	 1019	 0	 
1020	 2	 1022	 1018	 2040	 0	 
1021	 1	 1022	 1020	 1021	 0	 
1022	 3	 1025	 1019	 3066	 2	 
1023	 2	 1025	 1021	 2046	 1	 
